1024
0 260
0 434
0 457
0 550
0 638
0 1015
2 70
2 82
2 307
2 431
2 1001
3 91
3 171
3 237
3 317
3 441
4 407
4 530
4 681
5 70
5 398
5 717
5 732
5 745
5 821
5 858
5 1011
8 26
8 147
8 205
8 515
8 533
8 543
8 688
8 735
8 984
9 354
9 400
9 561
9 663
9 802
9 818
9 1023
11 651
11 688
11 694
11 766
11 957
11 978
13 316
13 498
13 620
13 751
13 824
13 982
14 101
14 260
14 422
14 451
14 523
14 591
14 688
14 840
20 46
20 76
20 207
20 342
20 599
20 782
20 961
20 978
22 515
22 671
23 131
23 233
23 256
23 276
23 289
23 421
23 432
23 628
23 668
23 775
23 916
23 974
27 1
27 88
27 205
27 547
27 628
27 1013
28 74
28 246
28 354
28 487
28 488
28 527
28 830
29 37
29 253
29 404
30 62
30 90
30 167
30 215
30 349
30 362
30 441
30 494
30 943
30 981
34 508
34 700
34 735
35 265
35 361
35 662
36 15
36 101
36 165
36 335
36 514
36 527
36 533
36 840
38 72
38 120
38 237
38 304
38 1023
40 74
40 120
40 363
40 717
40 786
40 819
40 862
41 56
41 74
41 302
41 528
41 559
41 706
41 719
41 764
41 961
42 16
42 136
42 215
42 270
42 641
42 755
42 774
42 797
42 943
42 983
42 1013
43 24
43 107
43 205
43 233
43 502
43 775
43 932
43 941
45 44
45 361
45 495
45 955
48 1
48 15
48 266
48 786
48 797
50 18
50 24
50 240
50 262
50 493
50 679
50 909
50 955
50 990
52 210
52 270
52 318
52 641
52 758
52 884
55 88
55 146
55 284
55 335
55 350
55 472
55 906
59 208
59 222
59 268
59 418
59 435
59 513
59 594
59 846
59 915
60 24
60 54
60 56
60 209
60 225
60 264
60 269
60 303
60 638
60 706
60 767
61 57
61 198
61 265
61 361
61 544
61 652
61 671
61 752
63 307
63 311
63 704
63 836
63 905
63 957
65 10
65 238
65 349
65 361
65 502
65 526
65 562
65 577
65 735
65 743
67 19
67 109
67 559
67 703
67 911
67 1015
68 53
68 487
68 612
68 650
68 682
68 837
68 872
69 91
69 142
69 347
69 378
69 417
69 606
69 929
69 1020
71 431
73 62
73 440
75 47
75 110
75 194
75 398
75 916
78 17
78 339
78 341
78 348
78 524
78 1015
80 49
80 339
80 457
80 906
86 24
86 475
86 606
86 719
86 925
86 986
87 96
87 560
87 651
89 39
89 635
94 283
94 297
94 309
94 528
99 201
99 264
99 317
99 537
99 556
99 614
99 757
99 766
99 984
100 93
100 168
100 824
100 926
104 265
104 975
104 989
105 347
105 392
105 529
105 553
105 797
106 481
106 969
106 970
106 989
108 79
108 91
108 140
108 162
108 246
108 375
108 392
108 403
108 785
112 335
112 398
112 417
112 523
112 664
112 799
112 862
112 895
115 81
115 180
115 245
115 420
115 495
115 577
115 641
115 752
115 800
115 822
115 860
115 909
116 120
116 148
116 263
116 368
116 508
116 556
116 793
116 845
117 134
117 599
117 739
117 811
117 911
117 914
119 206
119 451
119 469
119 644
119 662
119 836
121 81
121 706
121 719
121 846
121 862
121 974
121 996
122 90
122 422
122 688
122 770
122 835
122 955
123 33
123 585
123 687
123 848
124 225
124 233
124 532
124 788
125 167
125 183
125 272
125 457
125 767
125 984
126 39
126 399
126 917
127 76
127 677
128 74
128 320
128 332
128 640
128 955
129 33
129 402
129 525
129 671
129 934
129 1008
129 1020
130 17
130 47
130 82
130 83
130 88
130 102
130 304
130 392
130 564
130 781
130 920
132 139
132 161
132 405
132 627
132 675
132 879
132 937
133 389
133 723
133 755
133 766
133 983
135 72
135 361
135 368
135 389
135 526
135 651
135 683
135 751
135 801
135 828
135 934
137 167
137 173
137 612
137 900
138 98
138 688
138 937
138 969
141 84
141 169
141 757
141 914
143 37
143 46
143 47
143 224
143 361
143 562
143 716
143 748
143 802
143 861
144 134
144 304
144 444
144 491
144 542
144 573
144 1014
145 66
145 794
149 15
149 150
149 194
149 318
149 335
149 437
149 627
149 766
149 789
149 800
149 924
149 974
151 498
151 535
151 583
151 766
151 989
153 81
153 107
153 437
153 607
155 165
155 825
157 564
158 26
158 32
158 163
158 253
158 281
158 357
158 525
158 640
158 841
158 879
158 996
159 92
159 134
159 446
159 537
159 675
159 793
159 801
160 70
160 165
160 906
164 320
164 341
164 360
164 694
164 956
166 51
166 312
166 400
166 529
166 912
172 17
172 323
172 356
172 420
172 671
172 912
172 932
174 49
174 165
174 276
174 347
174 644
174 841
175 37
175 150
175 376
175 386
175 403
175 422
175 700
175 914
175 937
176 77
176 96
176 162
176 179
176 332
176 413
176 482
176 758
176 1001
177 303
177 344
177 883
177 1017
178 437
178 446
178 472
178 675
178 702
178 706
178 918
181 18
181 312
181 392
181 402
181 657
181 947
182 72
182 205
182 294
182 562
182 770
182 835
182 923
182 989
184 375
184 917
184 947
184 978
185 103
185 494
185 732
185 771
185 789
185 952
187 173
187 246
187 299
187 360
187 370
187 389
187 652
187 722
187 840
187 879
189 206
189 349
189 460
189 513
189 528
189 606
189 612
189 782
189 895
190 210
190 323
190 613
190 642
190 788
190 818
190 841
190 963
190 984
191 564
191 599
191 811
191 841
191 934
192 74
192 113
192 224
192 320
192 402
192 481
193 18
193 614
193 736
196 88
196 195
196 457
196 788
196 797
196 801
196 802
196 827
196 989
197 64
197 233
197 263
197 457
197 652
197 800
199 167
199 329
199 339
199 679
199 706
199 751
199 970
202 269
202 537
202 748
202 980
203 142
203 467
203 527
203 743
203 860
203 952
204 31
204 296
204 469
204 561
204 593
204 835
212 76
212 482
212 823
212 937
213 72
213 180
213 434
213 668
213 743
213 860
213 929
214 17
214 72
214 271
214 276
214 417
214 448
214 514
214 633
214 664
217 31
217 253
217 677
217 866
217 960
219 113
219 323
219 371
219 501
219 752
219 932
221 53
221 363
221 418
221 713
221 786
221 835
221 989
223 173
223 206
223 417
223 611
223 688
226 180
226 362
226 519
226 651
226 717
226 822
227 77
227 445
227 767
227 799
230 82
230 95
230 289
230 446
230 547
230 822
230 961
230 998
234 173
234 522
234 886
235 1
235 743
235 848
235 916
236 64
236 90
236 222
236 349
236 435
236 458
236 519
236 706
239 33
239 111
239 211
239 379
239 441
239 525
239 530
239 644
239 903
242 1
242 21
242 49
242 53
242 224
242 341
242 358
242 732
242 824
242 961
243 258
243 390
243 395
243 906
243 1011
248 194
248 264
248 266
248 399
248 563
248 779
248 822
248 982
250 201
250 370
250 487
250 518
250 785
250 789
250 855
250 920
250 934
251 258
251 281
251 294
251 448
251 980
252 460
252 679
252 880
252 929
252 970
252 1008
255 18
255 194
255 216
255 588
255 751
255 762
255 774
255 969
255 974
255 983
261 77
261 97
261 351
261 362
261 611
261 900
267 17
267 222
267 903
267 916
273 76
273 113
273 633
273 785
273 1015
274 683
274 771
277 98
277 627
277 762
277 883
278 26
278 268
278 607
278 762
278 782
278 955
278 983
278 1020
279 57
279 168
279 393
279 437
279 599
280 264
280 300
280 317
280 458
280 553
280 861
282 136
282 406
282 561
282 683
282 828
282 858
285 200
285 233
285 682
286 275
286 407
286 494
286 661
286 779
286 818
286 975
286 998
287 139
287 146
287 341
287 434
287 440
287 452
287 510
287 782
287 912
288 198
288 405
288 791
288 858
288 861
288 930
290 215
290 240
290 312
290 683
291 163
291 437
291 475
291 748
291 970
291 984
292 1
292 15
292 66
292 173
292 198
292 205
292 467
292 956
295 66
295 367
295 450
295 487
295 501
295 835
295 920
295 983
305 15
305 302
305 546
305 784
305 920
305 983
306 118
306 367
306 627
306 880
308 256
308 339
308 381
308 566
308 607
308 612
308 627
308 633
308 644
308 736
308 797
308 1003
310 271
310 360
310 501
310 719
314 37
314 200
314 379
314 395
314 425
314 681
314 703
314 947
314 975
315 163
315 165
315 249
315 332
315 612
315 640
315 663
315 989
319 254
319 444
319 467
319 501
319 713
319 764
319 837
319 846
321 147
321 342
321 418
321 629
321 781
321 789
321 827
321 934
322 207
322 283
322 494
322 521
322 700
322 845
322 929
324 316
324 407
324 513
324 518
324 722
324 748
324 1020
325 389
325 662
325 677
325 682
325 698
325 903
326 206
326 208
326 222
326 508
326 889
326 912
326 937
326 963
327 245
327 254
327 432
327 573
327 876
328 293
328 329
328 491
328 827
328 836
330 303
330 448
330 766
330 906
331 188
331 296
331 313
331 351
331 508
331 824
331 827
333 47
333 413
333 984
334 510
334 822
334 952
336 309
336 311
336 567
336 606
336 963
343 228
343 370
343 393
343 713
345 134
345 179
345 284
345 320
345 399
345 530
345 1001
352 79
352 96
352 109
352 168
352 211
352 487
352 564
352 639
352 664
353 103
353 150
353 215
353 493
353 752
353 846
355 12
355 64
355 304
355 309
359 113
359 320
359 961
364 95
364 101
364 107
364 113
364 494
364 502
364 611
364 681
364 683
364 830
364 1011
365 96
365 161
365 348
365 560
365 818
365 920
365 981
365 989
366 31
366 195
366 266
366 362
366 651
369 32
369 84
369 272
369 299
369 421
369 513
369 533
369 646
369 767
369 862
369 905
372 21
372 271
372 283
372 349
372 420
372 521
372 638
372 929
373 687
373 825
373 920
374 142
374 216
374 299
374 409
374 488
377 150
377 713
377 896
380 92
380 131
380 560
380 638
380 858
380 918
382 156
382 194
382 195
382 389
382 449
383 19
383 150
383 163
383 358
383 788
383 791
384 37
384 205
384 241
384 585
385 77
385 154
385 229
385 983
387 161
387 318
387 376
387 395
387 417
387 629
388 6
388 368
388 482
388 703
388 947
391 150
391 179
391 211
391 392
397 488
397 562
397 879
401 17
401 258
401 398
401 671
401 683
401 823
401 836
408 102
408 107
408 400
408 406
408 841
408 1023
410 276
410 338
410 514
410 528
410 802
410 835
410 963
411 85
411 356
411 488
411 830
411 947
412 205
412 475
412 855
412 986
416 140
416 188
416 351
416 460
416 970
419 392
419 414
419 751
419 914
419 941
419 992
423 206
423 318
423 349
423 421
423 976
424 335
424 339
424 499
426 16
426 107
426 205
426 376
426 432
426 638
426 682
426 743
426 827
426 889
427 37
427 681
427 683
427 941
428 81
428 170
428 348
428 360
428 628
428 719
428 754
428 823
429 421
429 535
429 600
429 612
429 732
429 823
429 879
429 900
430 92
430 120
430 220
430 224
430 441
430 883
433 103
433 142
433 268
433 363
433 599
433 635
433 748
433 767
436 102
436 375
436 409
436 467
436 627
436 664
436 682
436 685
436 775
436 823
436 981
438 15
438 19
438 148
438 409
438 440
438 722
438 955
439 19
439 95
439 195
439 332
439 348
439 751
439 767
439 788
439 793
439 822
439 926
443 237
443 347
443 415
443 446
443 651
443 861
447 10
447 679
453 533
453 716
453 924
453 970
454 96
454 354
454 367
454 469
454 577
454 777
454 858
455 66
455 152
455 628
455 640
455 664
455 717
455 846
455 870
455 895
455 905
456 293
456 449
459 370
459 685
459 745
459 880
461 113
461 222
461 349
461 527
461 982
462 7
462 140
462 148
462 241
462 300
462 940
464 19
464 216
464 421
464 510
464 577
464 629
464 943
465 136
465 218
465 224
465 249
465 258
465 583
466 463
466 606
468 26
468 156
468 222
468 418
470 88
470 186
470 200
470 671
470 846
470 872
470 923
471 544
471 886
471 889
471 926
473 33
473 72
473 301
473 524
473 561
473 866
474 163
474 171
474 256
474 403
474 475
474 599
474 940
476 98
476 233
476 302
476 379
476 437
476 664
476 681
476 1016
477 368
477 415
477 425
477 487
477 590
477 775
477 845
477 952
478 351
478 420
478 784
478 953
478 984
479 518
480 74
480 114
480 247
480 417
480 700
480 872
483 225
483 316
483 635
483 785
483 825
484 201
484 224
484 349
484 357
484 560
484 641
484 719
484 766
484 825
484 998
485 81
485 82
485 152
485 198
485 323
485 337
485 732
485 915
486 188
486 312
486 413
486 460
489 1
489 24
489 293
489 514
489 564
489 681
489 745
490 56
490 110
490 195
490 395
490 405
490 657
490 903
492 81
492 532
492 535
492 543
492 762
492 770
496 152
496 297
496 390
496 418
496 516
500 57
500 92
500 109
500 179
500 449
500 560
500 668
503 446
503 635
503 840
503 923
504 346
504 409
504 634
504 681
504 784
504 924
505 66
505 118
505 376
505 530
505 547
505 866
505 924
505 947
505 1010
505 1014
506 120
506 442
506 516
506 675
506 755
507 265
507 360
507 367
507 403
507 525
507 794
507 986
509 46
509 77
509 415
509 590
509 645
509 975
509 1011
511 110
511 276
511 304
511 313
511 390
511 404
511 762
512 513
512 543
512 663
512 687
512 822
517 475
517 791
517 799
517 840
520 414
520 797
520 799
520 896
520 917
531 1001
534 146
534 163
534 206
534 441
534 498
534 690
534 828
534 937
536 312
536 599
536 911
538 142
538 318
538 627
538 650
538 766
538 974
539 101
539 298
539 406
539 499
539 548
539 614
539 879
539 901
540 183
540 299
540 493
540 583
541 21
541 107
541 437
541 463
541 690
541 841
545 6
545 169
545 467
545 543
545 628
545 634
545 657
545 781
549 335
549 337
549 494
549 532
549 547
549 976
551 180
551 220
551 394
551 628
551 704
551 774
551 1001
552 15
552 360
552 390
552 417
552 591
552 606
552 646
552 661
552 793
554 21
554 46
554 53
554 394
554 498
554 527
555 96
555 188
555 320
555 415
555 544
555 562
555 724
555 762
555 917
557 10
557 47
557 518
557 970
557 996
558 64
558 90
558 207
558 351
558 404
558 421
558 652
558 923
565 31
565 567
565 594
565 634
565 683
565 713
565 758
565 762
565 779
565 791
565 836
565 937
568 167
568 375
568 491
568 508
568 745
568 903
568 976
568 980
569 548
569 1011
570 81
570 210
570 317
570 421
570 422
570 634
570 866
571 79
571 543
571 953
571 963
572 298
572 375
572 755
572 767
572 929
574 110
574 289
574 514
574 530
574 548
574 627
574 687
574 700
574 854
575 10
575 44
575 316
575 458
575 879
575 992
575 1003
576 33
576 98
576 253
576 434
576 644
576 903
578 92
578 309
578 376
578 442
578 444
579 118
579 263
579 548
579 652
579 837
580 206
580 224
580 283
580 723
581 111
581 475
581 508
581 562
581 644
582 237
582 283
582 346
582 516
584 370
584 405
584 583
584 645
584 743
584 845
584 903
584 952
586 264
586 422
586 442
586 657
586 986
587 136
587 515
587 764
587 835
589 16
589 91
589 165
589 535
589 612
589 764
589 774
589 793
592 79
592 510
592 599
592 779
592 953
595 56
595 229
595 311
595 389
595 472
595 515
595 786
595 841
596 472
596 823
596 975
597 216
597 268
597 272
597 396
597 533
597 717
597 909
598 247
598 272
598 519
598 547
598 767
598 854
601 475
601 702
601 789
602 24
602 102
602 400
602 406
602 613
602 690
602 722
602 739
603 293
603 294
603 358
603 403
603 458
603 937
603 957
604 237
604 312
604 335
604 409
604 661
604 687
605 183
605 451
605 694
605 903
605 970
605 990
608 10
608 530
608 862
609 463
609 614
609 668
609 694
609 925
610 211
610 313
610 767
610 791
610 801
610 1023
615 256
615 732
615 980
615 982
616 103
616 118
616 260
616 930
616 1014
617 272
617 400
617 855
618 407
619 120
619 304
619 312
619 404
619 457
619 510
619 671
621 64
621 265
621 463
621 671
621 682
621 700
622 270
622 376
622 543
622 915
622 980
623 76
623 276
623 294
623 585
623 651
623 683
623 858
624 98
624 179
624 329
624 414
624 700
625 167
625 883
625 911
625 932
626 211
626 657
626 717
626 809
626 943
631 72
631 233
631 247
631 449
631 612
632 6
632 120
632 205
632 862
636 136
636 209
636 445
636 559
636 916
636 970
637 76
637 77
637 161
637 180
637 337
637 381
643 167
643 405
643 502
643 681
643 694
643 862
647 281
647 399
647 650
647 837
647 1017
648 37
648 96
648 170
648 179
648 487
648 846
648 961
648 1020
649 24
649 109
649 111
649 241
649 422
649 661
649 992
653 58
653 254
653 481
653 519
653 719
653 848
653 920
653 937
653 982
654 64
654 238
654 404
654 501
654 1003
655 97
655 205
655 215
655 390
655 445
655 836
655 880
656 91
656 256
656 446
656 662
656 998
658 39
658 101
658 420
658 556
658 600
658 629
658 722
659 84
659 210
659 289
659 482
659 732
660 171
660 218
660 229
660 367
660 475
660 777
660 937
665 16
665 205
665 246
665 332
665 360
665 371
665 594
665 668
665 748
666 7
666 154
666 312
666 425
666 499
666 542
666 841
666 996
667 33
667 140
667 247
667 263
667 392
667 784
669 332
669 475
669 522
669 717
669 782
669 835
669 914
670 77
670 216
670 338
670 440
670 441
670 451
670 556
670 650
672 206
672 564
672 732
673 64
673 134
673 361
673 449
673 934
674 37
674 91
674 186
674 220
674 246
674 247
674 414
674 463
674 481
674 508
674 614
674 651
674 809
676 31
676 84
676 194
676 238
676 634
676 671
676 732
676 781
676 992
678 205
678 240
678 358
678 527
678 702
678 745
678 906
680 1
680 37
680 358
680 895
680 984
680 996
684 26
684 323
684 457
684 759
686 170
686 542
686 764
689 188
689 298
689 337
689 395
689 415
689 646
691 142
691 194
691 347
691 446
691 591
692 258
692 276
692 303
692 312
692 450
692 559
692 606
692 662
692 791
692 855
695 15
695 154
695 332
695 432
695 799
696 47
696 168
696 194
696 460
696 550
696 646
697 222
697 526
697 628
699 188
699 431
699 487
699 494
699 671
699 771
699 784
699 788
699 866
701 33
701 562
701 629
701 675
701 854
705 91
705 399
705 467
705 736
707 21
707 33
707 147
707 323
707 360
707 519
707 530
707 675
707 779
707 841
708 12
708 83
708 296
708 448
708 472
708 550
708 745
708 837
709 270
709 398
709 414
709 528
709 774
709 912
710 450
710 475
710 516
711 10
711 498
711 767
712 146
712 341
712 681
712 693
712 706
712 926
712 1023
714 21
714 206
714 254
714 393
714 414
714 799
714 827
714 900
714 905
715 161
715 222
715 342
715 417
715 446
715 559
715 664
718 79
718 103
718 257
718 357
718 830
720 93
720 156
720 969
721 544
721 585
721 693
726 6
726 440
726 599
726 929
726 996
727 407
727 642
727 983
727 984
728 6
728 194
728 205
728 361
728 396
728 493
728 628
728 763
728 791
729 82
729 818
730 139
730 323
730 527
731 37
731 435
731 501
731 502
731 682
731 830
733 7
733 57
733 298
733 688
733 702
734 167
734 543
734 878
737 244
737 350
737 630
737 970
737 975
738 118
738 275
738 301
738 311
738 679
738 771
738 811
738 912
738 941
740 33
740 107
740 516
740 620
741 96
741 256
741 307
741 400
741 739
741 901
742 15
742 208
742 268
742 329
742 370
742 513
742 635
742 745
742 766
742 786
742 1015
744 458
744 556
744 685
746 70
746 109
746 350
746 635
746 764
746 823
747 481
747 630
747 664
747 752
747 878
749 171
749 415
749 444
749 482
749 770
749 789
749 866
749 880
750 15
750 284
750 487
750 546
750 683
750 788
750 1014
753 294
753 848
753 980
756 21
756 97
756 118
756 360
756 482
756 702
756 982
760 275
760 757
761 92
761 198
761 238
761 257
761 770
761 779
761 901
761 917
761 984
765 70
765 88
765 147
765 148
765 679
765 916
768 249
768 269
768 441
768 535
768 635
772 26
772 165
772 600
772 793
772 1020
773 147
773 167
773 457
773 918
776 266
776 272
776 289
776 754
778 341
780 101
780 309
780 435
780 848
780 929
783 307
783 835
783 957
783 974
787 146
787 201
787 241
787 681
792 88
792 256
792 270
792 351
792 546
792 846
792 992
792 1013
795 24
795 114
795 258
795 363
795 440
795 748
795 777
796 15
796 346
796 378
796 634
796 651
796 940
798 96
798 398
798 452
798 564
798 878
798 917
798 974
803 33
803 88
803 188
803 259
803 311
803 420
803 652
804 6
804 47
804 83
804 111
804 508
804 593
805 201
805 283
805 675
805 854
806 56
806 72
806 83
806 296
806 508
806 872
806 884
806 981
807 82
807 215
807 644
807 797
807 1003
808 79
808 95
808 232
808 652
808 725
808 751
808 779
808 920
810 205
810 257
810 284
810 347
810 797
810 811
810 992
812 7
812 233
812 361
812 435
813 93
813 215
813 264
813 418
813 706
813 947
814 83
814 265
814 289
814 341
814 349
814 998
815 246
815 341
815 434
816 10
816 64
816 140
816 233
816 418
816 591
816 677
816 703
816 739
816 903
816 918
817 253
817 258
817 356
817 564
817 879
817 953
817 1001
820 96
820 611
820 685
820 791
820 797
820 957
820 986
826 317
826 348
826 487
826 613
826 652
826 755
826 861
826 872
826 879
829 6
829 739
829 752
829 909
831 198
831 303
831 378
832 15
832 179
832 284
832 297
832 376
832 422
832 620
832 651
832 664
833 93
833 231
833 275
833 347
833 469
833 513
833 671
833 914
838 39
838 88
838 593
838 633
838 645
838 739
838 862
839 272
839 297
839 406
839 532
839 620
839 668
839 745
842 275
842 332
842 395
842 458
842 494
842 515
842 688
842 836
842 980
843 323
843 472
843 560
843 644
843 784
844 39
844 634
844 662
844 823
844 830
844 872
844 929
844 960
847 262
847 376
847 417
847 628
847 688
847 855
847 956
849 457
849 614
849 652
850 201
850 537
850 559
850 641
851 110
851 303
851 912
852 233
852 532
852 725
852 862
852 889
852 923
852 981
852 983
853 269
853 289
853 600
853 889
853 961
853 1014
856 198
856 664
856 758
857 180
857 356
857 434
857 529
857 600
857 628
857 1011
859 37
859 77
859 93
859 257
859 523
863 81
863 134
863 246
863 398
863 764
863 1014
864 84
864 91
864 207
864 208
864 309
864 445
864 635
864 781
864 969
865 17
867 26
867 39
867 95
867 101
867 168
867 198
867 246
867 329
867 467
867 793
867 947
868 296
868 337
868 508
868 566
868 769
869 245
869 367
869 523
869 823
869 889
869 912
869 986
871 81
871 271
871 937
871 947
873 148
873 340
873 348
873 527
873 642
873 724
874 303
874 498
874 518
874 613
874 970
874 974
874 1010
875 152
875 169
875 301
875 526
875 530
875 544
877 264
877 294
877 679
877 757
877 818
877 828
877 955
881 467
881 644
881 824
881 926
882 264
882 318
882 452
882 785
882 861
885 142
885 183
885 402
885 556
885 634
885 872
885 953
885 960
887 1
887 64
887 276
887 469
887 585
887 717
887 917
888 173
888 392
888 449
888 537
888 553
888 591
888 640
888 1023
890 56
890 147
890 335
890 409
890 421
890 566
890 799
890 889
891 284
891 420
891 561
891 634
891 688
891 732
891 860
893 140
893 748
894 97
894 195
894 270
894 301
894 529
894 546
894 548
894 630
894 732
894 763
894 866
894 960
894 1015
897 460
897 822
897 909
897 917
898 54
898 58
898 85
898 148
898 200
898 400
898 600
899 220
899 238
899 284
899 389
899 469
899 498
899 560
902 77
902 645
902 657
902 860
902 953
904 378
904 518
904 561
904 593
904 901
904 957
907 72
907 101
907 834
907 1016
908 134
908 238
908 270
908 297
908 593
908 694
908 723
910 264
910 406
910 508
910 834
910 980
913 743
913 906
919 207
919 329
919 526
919 620
919 775
919 1010
921 18
921 85
921 120
921 304
921 463
921 562
921 822
921 984
921 998
922 201
922 417
922 495
922 548
922 788
922 1014
927 240
927 272
927 367
927 402
927 467
927 593
928 450
928 452
928 633
928 912
931 218
931 528
931 590
931 652
933 188
933 264
933 342
933 442
933 519
933 524
933 862
935 26
935 57
935 92
935 113
935 241
935 244
935 378
935 754
935 786
936 17
936 64
936 238
936 253
936 362
936 732
938 231
938 356
938 362
938 390
938 502
938 525
938 567
938 704
938 828
938 896
939 79
939 88
939 96
939 207
939 395
939 563
939 818
939 923
942 1
942 272
942 440
942 446
942 469
942 941
944 1
944 118
944 201
944 265
944 510
944 524
944 532
945 131
945 163
945 332
945 415
945 527
945 799
945 811
945 912
945 969
945 970
946 371
946 577
948 452
948 491
948 556
948 600
948 889
949 98
949 323
949 495
949 713
949 763
949 789
949 860
949 920
949 989
950 156
950 502
950 915
951 85
951 102
951 233
951 346
951 556
951 599
951 823
951 825
951 917
954 16
954 19
954 211
954 527
954 630
954 762
958 307
958 317
958 415
958 435
958 546
958 719
958 782
958 790
958 800
958 916
958 917
959 118
959 289
959 354
959 394
959 437
959 521
959 687
962 93
962 96
962 142
962 152
962 209
962 491
962 781
964 10
964 57
964 95
964 611
964 911
965 186
965 434
965 448
966 271
966 550
966 700
966 860
966 895
967 24
967 118
967 154
967 228
967 238
967 276
967 591
967 743
967 858
967 884
968 245
968 437
968 544
968 547
968 858
968 914
968 953
968 1016
971 15
971 163
971 284
971 400
971 501
971 752
971 774
971 782
971 982
972 33
972 299
972 309
972 458
972 518
973 139
973 205
973 409
973 457
973 854
973 1010
977 39
977 53
977 88
977 339
977 356
977 362
977 402
977 627
977 722
977 828
977 878
979 46
979 88
979 229
979 368
979 452
979 606
985 37
985 422
985 767
985 823
985 929
987 249
987 253
987 379
987 458
987 508
987 630
987 683
987 800
988 563
988 876
991 590
991 952
993 83
993 140
993 148
993 297
993 341
993 434
993 452
993 652
993 900
994 195
994 392
994 513
994 564
994 613
994 690
995 102
995 354
995 356
995 528
995 628
995 639
995 688
995 703
997 37
997 244
997 386
997 389
997 452
997 535
997 627
997 770
999 156
999 271
999 645
999 661
1000 17
1000 350
1000 550
1000 759
1000 889
1000 924
1002 501
1002 693
1002 766
1002 791
1002 920
1002 926
1004 39
1004 107
1004 414
1004 566
1004 866
1005 198
1005 216
1005 414
1005 457
1005 547
1005 627
1005 706
1005 947
1005 1001
1005 1008
1006 258
1006 409
1006 556
1006 900
1006 915
1007 25
1007 111
1007 146
1007 542
1007 657
1007 788
1007 998
1009 167
1009 268
1009 445
1009 590
1009 830
1012 74
1012 320
1012 970
1018 58
1018 240
1018 311
1018 357
1018 389
1018 527
1018 969
1019 37
1019 53
1019 165
1019 254
1019 585
1019 982
1021 142
1021 289
1021 415
1021 519
1021 628
1021 752
1021 845
1022 198
1022 276
1022 553
1022 614
